{
  "advancedEditorSelectedIdentifier" : "ProjectBrowser",
  "openSceneRelativePaths" : [
    "Scene.usda",
    "PlaneImmersiveView.usda"
  ],
  "recentIdentifiers" : {
    "26DBAE76-5DD8-47B6-A085-1B4ADA111097" : [

    ],
    "DA9DAF2C-903E-456C-87A3-0257ACFA25C0" : [

    ]
  },
  "sceneCameraHistory" : {
    "26DBAE76-5DD8-47B6-A085-1B4ADA111097" : [
      {
        "date" : 710009646.31099701,
        "title" : "Untitled",
        "transform" : [
          0.1967499852180481,
          7.4563310192843346e-08,
          -0.9804537296295166,
          0,
          -0.50569182634353638,
          0.85672509670257568,
          -0.10147831588983536,
          0,
          0.83997929096221924,
          0.5157732367515564,
          0.1685606837272644,
          0,
          0.35734003782272339,
          0.17281971871852875,
          0.019828148186206818,
          1
        ]
      },
      {
        "date" : 710009643.51463401,
        "title" : "Untitled",
        "transform" : [
          0.1967499852180481,
          7.4563310192843346e-08,
          -0.9804537296295166,
          0,
          -0.50569182634353638,
          0.85672509670257568,
          -0.10147831588983536,
          0,
          0.83997929096221924,
          0.5157732367515564,
          0.1685606837272644,
          0,
          0.33046609163284302,
          0.20156984031200409,
          0.065776064991950989,
          1
        ]
      },
      {
        "date" : 710009639.85629797,
        "title" : "Untitled",
        "transform" : [
          0.19675005972385406,
          7.8735197917012556e-08,
          -0.98045367002487183,
          0,
          -0.50569182634353638,
          0.85672515630722046,
          -0.10147831588983536,
          0,
          0.83997929096221924,
          0.5157732367515564,
          0.16856077313423157,
          0,
          1.2589012384414673,
          0.29916894435882568,
          -0.077526077628135681,
          1
        ]
      },
      {
        "date" : 709316705.007447,
        "title" : "Untitled",
        "transform" : [
          0.19675005972385406,
          7.8735197917012556e-08,
          -0.98045367002487183,
          0,
          -0.50569182634353638,
          0.85672515630722046,
          -0.10147831588983536,
          0,
          0.83997929096221924,
          0.5157732367515564,
          0.16856077313423157,
          0,
          1.3227834701538086,
          0.2166883647441864,
          -0.14348745346069336,
          1
        ]
      },
      {
        "date" : 709316680.29146302,
        "title" : "Untitled",
        "transform" : [
          0.19803649187088013,
          7.8735197917012556e-08,
          -0.98019462823867798,
          0,
          -0.50555819272994995,
          0.85672515630722046,
          -0.10214181989431381,
          0,
          0.83975738286972046,
          0.5157732367515564,
          0.16966289281845093,
          0,
          2.5489709377288818,
          1.039659857749939,
          -0.3066180944442749,
          1
        ]
      },
      {
        "date" : 709316640.25971794,
        "title" : "Untitled",
        "transform" : [
          0.19803649187088013,
          7.8735197917012556e-08,
          -0.98019462823867798,
          0,
          -0.50555819272994995,
          0.85672515630722046,
          -0.10214181989431381,
          0,
          0.83975738286972046,
          0.5157732367515564,
          0.16966289281845093,
          0,
          2.5489709377288818,
          1.039659857749939,
          -0.3066180944442749,
          1
        ]
      },
      {
        "date" : 709316638.26483703,
        "title" : "Untitled",
        "transform" : [
          0.19803646206855774,
          4.0888004093631025e-10,
          -0.98019462823867798,
          0,
          -0.50555825233459473,
          0.85672515630722046,
          -0.10214190185070038,
          0,
          0.83975744247436523,
          0.51577317714691162,
          0.16966281831264496,
          0,
          57.690608978271484,
          42.301483154296875,
          -4.409184455871582,
          1
        ]
      },
      {
        "date" : 709316617.65050697,
        "title" : "Untitled",
        "transform" : [
          0.19803646206855774,
          4.0888004093631025e-10,
          -0.98019462823867798,
          0,
          -0.50555825233459473,
          0.85672515630722046,
          -0.10214190185070038,
          0,
          0.83975744247436523,
          0.51577317714691162,
          0.16966281831264496,
          0,
          0.74713659286499023,
          0.51255404949188232,
          -0.042291343212127686,
          1
        ]
      },
      {
        "date" : 709316611.87606704,
        "title" : "Untitled",
        "transform" : [
          0.19803646206855774,
          4.0888004093631025e-10,
          -0.98019462823867798,
          0,
          -0.50555825233459473,
          0.85672515630722046,
          -0.10214190185070038,
          0,
          0.83975744247436523,
          0.51577317714691162,
          0.16966281831264496,
          0,
          0.77556568384170532,
          0.45697587728500366,
          -0.014045491814613342,
          1
        ]
      },
      {
        "date" : 709316602.50498497,
        "title" : "Untitled",
        "transform" : [
          0.19803646206855774,
          4.0888004093631025e-10,
          -0.98019462823867798,
          0,
          -0.50555825233459473,
          0.85672515630722046,
          -0.10214190185070038,
          0,
          0.83975744247436523,
          0.51577317714691162,
          0.16966281831264496,
          0,
          0.32693028450012207,
          0.18868435919284821,
          0.043421313166618347,
          1
        ]
      }
    ],
    "DA9DAF2C-903E-456C-87A3-0257ACFA25C0" : [
      {
        "date" : 710009726.23631895,
        "title" : "Untitled",
        "transform" : [
          1,
          0,
          -0,
          0,
          -0,
          0.86602544784545898,
          -0.49999994039535522,
          0,
          0,
          0.49999994039535522,
          0.86602544784545898,
          0,
          0,
          0.27093505859375,
          0.46927332878112793,
          1
        ]
      }
    ]
  },
  "selectedSceneRelativePath" : "PlaneImmersiveView.usda"
}