{
  "advancedEditorSelectedIdentifier" : "ProjectBrowser",
  "openSceneRelativePaths" : [
    "Scene.usda",
    "PlaneImmersiveView.usda"
  ],
  "recentIdentifiers" : {
    "26DBAE76-5DD8-47B6-A085-1B4ADA111097" : [

    ],
    "DA9DAF2C-903E-456C-87A3-0257ACFA25C0" : [

    ]
  },
  "sceneCameraHistory" : {
    "26DBAE76-5DD8-47B6-A085-1B4ADA111097" : [
      {
        "date" : 710014915.44468403,
        "title" : "Untitled",
        "transform" : [
          0.9999997615814209,
          0,
          -0.00070190412225201726,
          0,
          -0.00049632118316367269,
          0.7071068286895752,
          -0.70710659027099609,
          0,
          0.00049632118316367269,
          0.70710676908493042,
          0.70710664987564087,
          0,
          0.00020215327094774693,
          0.28800693154335022,
          0.28800690174102783,
          1
        ]
      },
      {
        "date" : 710014913.14430702,
        "title" : "Untitled",
        "transform" : [
          0.9999997615814209,
          0,
          -0.00070190412225201726,
          0,
          -0.00049632118316367269,
          0.7071068286895752,
          -0.70710659027099609,
          0,
          0.00049632118316367269,
          0.70710676908493042,
          0.70710664987564087,
          0,
          0.00015007190813776106,
          0.21380683779716492,
          0.21380680799484253,
          1
        ]
      },
      {
        "date" : 710014903.90080094,
        "title" : "Untitled",
        "transform" : [
          0.26972997188568115,
          0,
          -0.96293598413467407,
          0,
          -0.68089848756790161,
          0.7071068286895752,
          -0.19072791934013367,
          0,
          0.68089854717254639,
          0.70710676908493042,
          0.19072793424129486,
          0,
          0.62860941886901855,
          0.40365669131278992,
          0.19464133679866791,
          1
        ]
      },
      {
        "date" : 710014900.35689104,
        "title" : "Untitled",
        "transform" : [
          0.89919030666351318,
          0,
          -0.43755778670310974,
          0,
          -0.30940008163452148,
          0.7071068286895752,
          -0.63582354784011841,
          0,
          0.30940011143684387,
          0.70710676908493042,
          0.63582360744476318,
          0,
          0.27175980806350708,
          0.40365669131278992,
          0.59931766986846924,
          1
        ]
      },
      {
        "date" : 710014871.498402,
        "title" : "Untitled",
        "transform" : [
          1,
          0,
          0,
          0,
          0,
          0.7071068286895752,
          -0.70710676908493042,
          0,
          0,
          0.70710676908493042,
          0.7071068286895752,
          0,
          -0.017849594354629517,
          0.40314298868179321,
          0.65697407722473145,
          1
        ]
      },
      {
        "date" : 710014827.29167902,
        "title" : "Untitled",
        "transform" : [
          1,
          0,
          0,
          0,
          0,
          0.7071068286895752,
          -0.70710676908493042,
          0,
          0,
          0.70710676908493042,
          0.7071068286895752,
          0,
          0,
          0.53005844354629517,
          0.53005856275558472,
          1
        ]
      },
      {
        "date" : 710014825.22612095,
        "title" : "Untitled",
        "transform" : [
          1,
          0,
          0,
          0,
          0,
          0.7071068286895752,
          -0.70710676908493042,
          0,
          0,
          0.70710676908493042,
          0.7071068286895752,
          0,
          0,
          0.99881899356842041,
          0.99881911277770996,
          1
        ]
      },
      {
        "date" : 710014818.88526797,
        "title" : "Untitled",
        "transform" : [
          0.1967499852180481,
          7.4563310192843346e-08,
          -0.9804537296295166,
          0,
          -0.50569182634353638,
          0.85672509670257568,
          -0.10147831588983536,
          0,
          0.83997929096221924,
          0.5157732367515564,
          0.1685606837272644,
          0,
          0.69562417268753052,
          0.38053664565086365,
          0.087712444365024567,
          1
        ]
      },
      {
        "date" : 710009646.31099701,
        "title" : "Untitled",
        "transform" : [
          0.1967499852180481,
          7.4563310192843346e-08,
          -0.9804537296295166,
          0,
          -0.50569182634353638,
          0.85672509670257568,
          -0.10147831588983536,
          0,
          0.83997929096221924,
          0.5157732367515564,
          0.1685606837272644,
          0,
          0.35734003782272339,
          0.17281971871852875,
          0.019828148186206818,
          1
        ]
      },
      {
        "date" : 710009643.51463401,
        "title" : "Untitled",
        "transform" : [
          0.1967499852180481,
          7.4563310192843346e-08,
          -0.9804537296295166,
          0,
          -0.50569182634353638,
          0.85672509670257568,
          -0.10147831588983536,
          0,
          0.83997929096221924,
          0.5157732367515564,
          0.1685606837272644,
          0,
          0.33046609163284302,
          0.20156984031200409,
          0.065776064991950989,
          1
        ]
      }
    ],
    "DA9DAF2C-903E-456C-87A3-0257ACFA25C0" : [
      {
        "date" : 710012193.60048902,
        "title" : "Untitled",
        "transform" : [
          1,
          0,
          -0,
          0,
          -0,
          0.86602544784545898,
          -0.49999994039535522,
          0,
          0,
          0.49999994039535522,
          0.86602544784545898,
          0,
          0.0075509990565478802,
          0.29112699627876282,
          0.4796614944934845,
          1
        ]
      },
      {
        "date" : 710009726.23631895,
        "title" : "Untitled",
        "transform" : [
          1,
          0,
          -0,
          0,
          -0,
          0.86602544784545898,
          -0.49999994039535522,
          0,
          0,
          0.49999994039535522,
          0.86602544784545898,
          0,
          0,
          0.27093505859375,
          0.46927332878112793,
          1
        ]
      }
    ]
  },
  "selectedSceneRelativePath" : "PlaneImmersiveView.usda"
}